
%liczba neuronów ukrytych: 4, liczba wejœæ sieci: 4
%wejœcie 1: u(k-3)
%wejœcie 2: u(k-4)
%wejœcie 3: y(k-1)
%wejœcie 4: y(k-2)
%uczenie w trybie OE
w10(1,1)=2.7676039114e-001; w1(1,1)=1.4366380189e+000; w1(1,2)=1.3465640238e+000; w1(1,3)=-1.5971432734e-001; w1(1,4)=4.5583330750e-002; 
w10(2,1)=-9.2444633973e-001; w1(2,1)=6.1541634107e-001; w1(2,2)=-7.2968038424e-001; w1(2,3)=-1.5840157675e+000; w1(2,4)=1.9900643792e+000; 
w10(3,1)=-9.1300208236e-002; w1(3,1)=2.1102350815e-001; w1(3,2)=-2.4377999512e-001; w1(3,3)=-7.9296471437e-001; w1(3,4)=4.6087267923e-001; 
w10(4,1)=1.5270093091e+000; w1(4,1)=6.2993965401e-001; w1(4,2)=-6.6858969324e-001; w1(4,3)=1.0262183381e-001; w1(4,4)=4.9944915385e-001; 
w20=-2.1382961082e-001; w2(1)=7.1742457934e-002; w2(2)=8.8087159050e-001; w2(3)=-2.0964475655e+000; w2(4)=7.0860267620e-001; 

