
%liczba neuronów ukrytych: 5, liczba wejœæ sieci: 4
%wejœcie 1: u(k-3)
%wejœcie 2: u(k-4)
%wejœcie 3: y(k-1)
%wejœcie 4: y(k-2)
%uczenie w trybie OE
w10(1,1)=8.6842058237e-002; w1(1,1)=-1.0831742764e-001; w1(1,2)=2.3486362740e-001; w1(1,3)=-1.8042834890e-001; w1(1,4)=3.6566386934e-001; 
w10(2,1)=2.8647474915e-001; w1(2,1)=6.3813643010e-001; w1(2,2)=-1.7231512605e-001; w1(2,3)=1.6792811663e+000; w1(2,4)=-1.3351652119e+000; 
w10(3,1)=1.7543915995e-001; w1(3,1)=-2.3311100642e+000; w1(3,2)=-1.0440549278e+000; w1(3,3)=1.2066881621e+000; w1(3,4)=-8.5099625677e-001; 
w10(4,1)=-2.0848753787e-001; w1(4,1)=-6.0942421908e-001; w1(4,2)=1.5420856699e-001; w1(4,3)=1.0461766577e+000; w1(4,4)=-1.4942351167e+000; 
w10(5,1)=3.6270554868e-001; w1(5,1)=-1.0811961795e-001; w1(5,2)=3.9488191025e-001; w1(5,3)=-2.9150732808e-001; w1(5,4)=1.0130624261e-001; 
w20=2.6770435144e-001; w2(1)=3.3032378187e+000; w2(2)=6.8719735234e-001; w2(3)=-2.4264072134e-002; w2(4)=4.2476315532e-001; w2(5)=-1.8817354367e+000; 

