
%liczba neuronów ukrytych: 10, liczba wejœæ sieci: 4
%wejœcie 1: u(k-3)
%wejœcie 2: u(k-4)
%wejœcie 3: y(k-1)
%wejœcie 4: y(k-2)
%uczenie w trybie OE
w10(1,1)=-2.0203984269e-002; w1(1,1)=6.7601975654e-001; w1(1,2)=7.1972389506e-001; w1(1,3)=-4.2568790752e-001; w1(1,4)=5.3166350991e-002; 
w10(2,1)=-4.1793697387e-002; w1(2,1)=4.2213181667e-001; w1(2,2)=-5.6651421247e-001; w1(2,3)=2.7924189312e-001; w1(2,4)=1.0586089658e-001; 
w10(3,1)=1.1555743786e+000; w1(3,1)=8.5293034784e-001; w1(3,2)=1.1052244712e-001; w1(3,3)=-6.9633823252e-001; w1(3,4)=-4.1198725737e-001; 
w10(4,1)=-9.3322747332e-001; w1(4,1)=4.6589561036e-001; w1(4,2)=-3.2936680292e-001; w1(4,3)=-5.9684547246e-001; w1(4,4)=7.4091089474e-002; 
w10(5,1)=7.0617227299e-001; w1(5,1)=-2.3240733547e-001; w1(5,2)=-8.0726146526e-001; w1(5,3)=2.4402626380e-002; w1(5,4)=-6.6781092576e-001; 
w10(6,1)=4.2887267397e-001; w1(6,1)=-1.3025895284e+000; w1(6,2)=-2.3780496064e+000; w1(6,3)=1.6737881335e+000; w1(6,4)=7.1609018771e-002; 
w10(7,1)=-9.7912080079e-001; w1(7,1)=-1.0687847421e+000; w1(7,2)=-1.0216825529e+000; w1(7,3)=9.5986169843e-001; w1(7,4)=1.8447155669e-001; 
w10(8,1)=-3.0350126467e-001; w1(8,1)=-5.2575090441e-001; w1(8,2)=4.8062288736e-001; w1(8,3)=-2.3436155020e-001; w1(8,4)=4.4028453211e-001; 
w10(9,1)=5.4045825819e-001; w1(9,1)=-1.2911379718e-001; w1(9,2)=-3.1888302163e-001; w1(9,3)=-2.5792410579e-001; w1(9,4)=-3.2474926097e-001; 
w10(10,1)=-1.5188904877e-002; w1(10,1)=-1.0388667136e+000; w1(10,2)=-3.8381026728e-002; w1(10,3)=-7.0463617077e-001; w1(10,4)=7.2044195059e-001; 
w20=-8.3507159130e-002; w2(1)=-5.3568511690e-002; w2(2)=6.2854314387e-001; w2(3)=-2.5728901886e-001; w2(4)=-9.6334312635e-001; w2(5)=3.0162901334e-001; w2(6)=1.3622847849e-002; w2(7)=2.2321951286e-002; w2(8)=1.0759395467e+000; w2(9)=-5.0908900421e-001; w2(10)=-6.2199587316e-001; 

