
%liczba neuronów ukrytych: 5, liczba wejœæ sieci: 4
%wejœcie 1: u(k-3)
%wejœcie 2: u(k-4)
%wejœcie 3: y(k-1)
%wejœcie 4: y(k-2)
%uczenie w trybie OE
w10(1,1)=1.3077416407e-001; w1(1,1)=2.7650078424e-001; w1(1,2)=2.2272849511e-001; w1(1,3)=1.6428133097e-001; w1(1,4)=1.8578225541e-001; 
w10(2,1)=-1.6240991142e-002; w1(2,1)=1.3724694595e-001; w1(2,2)=1.8142076010e-002; w1(2,3)=-9.6429565455e-002; w1(2,4)=-3.9184642805e-001; 
w10(3,1)=5.1991409747e-001; w1(3,1)=2.1522587598e-001; w1(3,2)=2.9439164220e-001; w1(3,3)=1.3100006345e-001; w1(3,4)=3.2599108956e-001; 
w10(4,1)=-8.7558843876e-002; w1(4,1)=-1.6561049202e-001; w1(4,2)=-1.8553880249e-001; w1(4,3)=-7.6566462484e-002; w1(4,4)=-2.8608674275e-001; 
w10(5,1)=-5.7374050602e-002; w1(5,1)=-1.6020953434e-001; w1(5,2)=-1.9543332941e-001; w1(5,3)=1.1546181214e-001; w1(5,4)=2.7096222133e-001; 
w20=-3.5518107394e-001; w2(1)=2.9626637826e-001; w2(2)=-5.9594756923e-001; w2(3)=6.5690733024e-001; w2(4)=-3.0710920964e-001; w2(5)=3.9443671316e-001; 

