
%liczba neuronów ukrytych: 10, liczba wejœæ sieci: 4
%wejœcie 1: u(k-3)
%wejœcie 2: u(k-4)
%wejœcie 3: y(k-1)
%wejœcie 4: y(k-2)
%uczenie w trybie OE
w10(1,1)=2.6023059118e-001; w1(1,1)=6.6665893730e-002; w1(1,2)=3.4780786497e-001; w1(1,3)=4.6158695496e-001; w1(1,4)=7.6608776010e-002; 
w10(2,1)=-4.4260387023e-001; w1(2,1)=9.7680811329e-001; w1(2,2)=1.1292721449e+000; w1(2,3)=-2.6674250880e-001; w1(2,4)=8.8553023433e-002; 
w10(3,1)=-5.5460256644e-001; w1(3,1)=-3.0243545020e-001; w1(3,2)=-3.7948052569e-001; w1(3,3)=1.4507289922e-001; w1(3,4)=2.0808589964e-001; 
w10(4,1)=-1.0784971324e+000; w1(4,1)=2.4241362123e-001; w1(4,2)=5.7957724459e-001; w1(4,3)=-4.4797741102e-001; w1(4,4)=-1.2221808677e-001; 
w10(5,1)=-2.2172001873e+000; w1(5,1)=7.7656929066e-002; w1(5,2)=-8.5155056132e-001; w1(5,3)=2.2185372887e-001; w1(5,4)=-9.3695064464e-001; 
w10(6,1)=-1.3233893446e-002; w1(6,1)=-2.8008434257e-001; w1(6,2)=-7.2586672506e-002; w1(6,3)=-3.1479327878e-001; w1(6,4)=-5.5516647791e-002; 
w10(7,1)=6.5932054777e-001; w1(7,1)=-9.3846885305e-001; w1(7,2)=-1.3193622335e+000; w1(7,3)=1.8462127844e-001; w1(7,4)=-2.4830690101e-001; 
w10(8,1)=-1.5649565616e-001; w1(8,1)=-2.0497322444e-002; w1(8,2)=-1.4792289593e-001; w1(8,3)=1.9833658828e-001; w1(8,4)=3.1889429629e-001; 
w10(9,1)=1.8103829151e-001; w1(9,1)=3.2621697292e-001; w1(9,2)=1.3233498821e-002; w1(9,3)=8.9645989695e-002; w1(9,4)=8.4850931164e-001; 
w10(10,1)=4.1187544705e-002; w1(10,1)=7.4817091795e-002; w1(10,2)=-3.4116744135e-001; w1(10,3)=-5.1626850868e-001; w1(10,4)=-1.2440127201e-001; 
w20=-2.6985963202e-001; w2(1)=5.8314221829e-001; w2(2)=4.2996507610e-001; w2(3)=5.8938803301e-001; w2(4)=-2.7680348748e-001; w2(5)=-3.4417408230e-001; w2(6)=-6.5373476382e-001; w2(7)=3.5698390812e-001; w2(8)=4.4606690890e-001; w2(9)=-4.3873391257e-001; w2(10)=-6.2552722816e-001; 

