
%liczba neuronów ukrytych: 5, liczba wejœæ sieci: 4
%wejœcie 1: u(k-3)
%wejœcie 2: u(k-4)
%wejœcie 3: y(k-1)
%wejœcie 4: y(k-2)
%uczenie w trybie OE
w10(1,1)=1.5458891432e-001; w1(1,1)=1.6912000793e-001; w1(1,2)=-3.3850336068e-002; w1(1,3)=1.9792786287e-001; w1(1,4)=4.7997033600e-002; 
w10(2,1)=-2.2650495805e-002; w1(2,1)=-1.1209915058e+000; w1(2,2)=-2.6274613026e-002; w1(2,3)=9.1010024976e-001; w1(2,4)=-1.1070139053e+000; 
w10(3,1)=1.7346956554e-001; w1(3,1)=4.5970758541e-001; w1(3,2)=-1.2480902723e-001; w1(3,3)=-2.9920931331e-002; w1(3,4)=-1.5165880067e-001; 
w10(4,1)=3.3750503781e-001; w1(4,1)=3.1025753562e-001; w1(4,2)=-1.8556871633e-001; w1(4,3)=-6.4816022498e-001; w1(4,4)=1.1564831561e+000; 
w10(5,1)=-1.0079585807e-001; w1(5,1)=-1.5894801312e+000; w1(5,2)=2.1725866488e-001; w1(5,3)=-7.8216077926e-001; w1(5,4)=7.0750094074e-001; 
w20=-2.5365692728e-001; w2(1)=3.9476946711e+000; w2(2)=2.3736559600e-001; w2(3)=-1.3468855969e+000; w2(4)=-4.3160415726e-001; w2(5)=-2.5077644836e-001; 

